date,Country_Region,Confirmed,Deaths,daily_deaths,daily_confirmed,daily_confirmed_7day_ma,daily_deaths_7day_ma
2020-01-22,Finland,0,0,0.0,0.0,0.0,0.0
2020-01-23,Finland,0,0,0.0,0.0,0.0,0.0
2020-01-24,Finland,0,0,0.0,0.0,0.0,0.0
2020-01-25,Finland,0,0,0.0,0.0,0.0,0.0
2020-01-26,Finland,0,0,0.0,0.0,0.0,0.0
2020-01-27,Finland,0,0,0.0,0.0,0.0,0.0
2020-01-28,Finland,0,0,0.0,0.0,0.0,0.0
2020-01-29,Finland,1,0,0.0,1.0,0.14285714285714285,0.0
2020-01-30,Finland,1,0,0.0,0.0,0.14285714285714285,0.0
2020-01-31,Finland,1,0,0.0,0.0,0.14285714285714285,0.0
2020-02-01,Finland,1,0,0.0,0.0,0.14285714285714285,0.0
2020-02-02,Finland,1,0,0.0,0.0,0.14285714285714285,0.0
2020-02-03,Finland,1,0,0.0,0.0,0.14285714285714285,0.0
2020-02-04,Finland,1,0,0.0,0.0,0.14285714285714285,0.0
2020-02-05,Finland,1,0,0.0,0.0,0.0,0.0
2020-02-06,Finland,1,0,0.0,0.0,0.0,0.0
2020-02-07,Finland,1,0,0.0,0.0,0.0,0.0
2020-02-08,Finland,1,0,0.0,0.0,0.0,0.0
2020-02-09,Finland,1,0,0.0,0.0,0.0,0.0
2020-02-10,Finland,1,0,0.0,0.0,0.0,0.0
2020-02-11,Finland,1,0,0.0,0.0,0.0,0.0
2020-02-12,Finland,1,0,0.0,0.0,0.0,0.0
2020-02-13,Finland,1,0,0.0,0.0,0.0,0.0
2020-02-14,Finland,1,0,0.0,0.0,0.0,0.0
2020-02-15,Finland,1,0,0.0,0.0,0.0,0.0
2020-02-16,Finland,1,0,0.0,0.0,0.0,0.0
2020-02-17,Finland,1,0,0.0,0.0,0.0,0.0
2020-02-18,Finland,1,0,0.0,0.0,0.0,0.0
2020-02-19,Finland,1,0,0.0,0.0,0.0,0.0
2020-02-20,Finland,1,0,0.0,0.0,0.0,0.0
2020-02-21,Finland,1,0,0.0,0.0,0.0,0.0
2020-02-22,Finland,1,0,0.0,0.0,0.0,0.0
2020-02-23,Finland,1,0,0.0,0.0,0.0,0.0
2020-02-24,Finland,1,0,0.0,0.0,0.0,0.0
2020-02-25,Finland,1,0,0.0,0.0,0.0,0.0
2020-02-26,Finland,2,0,0.0,1.0,0.14285714285714285,0.0
2020-02-27,Finland,2,0,0.0,0.0,0.14285714285714285,0.0
2020-02-28,Finland,2,0,0.0,0.0,0.14285714285714285,0.0
2020-02-29,Finland,3,0,0.0,1.0,0.2857142857142857,0.0
2020-03-01,Finland,6,0,0.0,3.0,0.7142857142857143,0.0
2020-03-02,Finland,6,0,0.0,0.0,0.7142857142857143,0.0
2020-03-03,Finland,6,0,0.0,0.0,0.7142857142857143,0.0
2020-03-04,Finland,6,0,0.0,0.0,0.5714285714285714,0.0
2020-03-05,Finland,12,0,0.0,6.0,1.4285714285714286,0.0
2020-03-06,Finland,15,0,0.0,3.0,1.8571428571428572,0.0
2020-03-07,Finland,15,0,0.0,0.0,1.7142857142857142,0.0
2020-03-08,Finland,23,0,0.0,8.0,2.4285714285714284,0.0
2020-03-09,Finland,30,0,0.0,7.0,3.4285714285714284,0.0
2020-03-10,Finland,40,0,0.0,10.0,4.857142857142857,0.0
2020-03-11,Finland,59,0,0.0,19.0,7.571428571428571,0.0
2020-03-12,Finland,59,0,0.0,0.0,6.714285714285714,0.0
2020-03-13,Finland,155,0,0.0,96.0,20.0,0.0
2020-03-14,Finland,225,0,0.0,70.0,30.0,0.0
2020-03-15,Finland,244,0,0.0,19.0,31.571428571428573,0.0
2020-03-16,Finland,277,0,0.0,33.0,35.285714285714285,0.0
2020-03-17,Finland,321,0,0.0,44.0,40.142857142857146,0.0
2020-03-18,Finland,336,0,0.0,15.0,39.57142857142857,0.0
2020-03-19,Finland,400,0,0.0,64.0,48.714285714285715,0.0
2020-03-20,Finland,450,0,0.0,50.0,42.142857142857146,0.0
2020-03-21,Finland,523,1,1.0,73.0,42.57142857142857,0.14285714285714285
2020-03-22,Finland,626,1,0.0,103.0,54.57142857142857,0.14285714285714285
2020-03-23,Finland,700,1,0.0,74.0,60.42857142857143,0.14285714285714285
2020-03-24,Finland,792,1,0.0,92.0,67.28571428571429,0.14285714285714285
2020-03-25,Finland,880,3,2.0,88.0,77.71428571428571,0.42857142857142855
2020-03-26,Finland,958,5,2.0,78.0,79.71428571428571,0.7142857142857143
2020-03-27,Finland,1041,7,2.0,83.0,84.42857142857143,1.0
2020-03-28,Finland,1167,9,2.0,126.0,92.0,1.1428571428571428
2020-03-29,Finland,1240,11,2.0,73.0,87.71428571428571,1.4285714285714286
2020-03-30,Finland,1352,13,2.0,112.0,93.14285714285714,1.7142857142857142
2020-03-31,Finland,1418,17,4.0,66.0,89.42857142857143,2.2857142857142856
2020-04-01,Finland,1446,17,0.0,28.0,80.85714285714286,2.0
2020-04-02,Finland,1518,19,2.0,72.0,80.0,2.0
2020-04-03,Finland,1615,20,1.0,97.0,82.0,1.8571428571428572
2020-04-04,Finland,1882,25,5.0,267.0,102.14285714285714,2.2857142857142856
2020-04-05,Finland,1927,28,3.0,45.0,98.14285714285714,2.4285714285714284
2020-04-06,Finland,2176,27,-1.0,249.0,117.71428571428571,2.0
2020-04-07,Finland,2308,34,7.0,132.0,127.14285714285714,2.4285714285714284
2020-04-08,Finland,2487,40,6.0,179.0,148.71428571428572,3.2857142857142856
2020-04-09,Finland,2605,42,2.0,118.0,155.28571428571428,3.2857142857142856
2020-04-10,Finland,2769,48,6.0,164.0,164.85714285714286,4.0
2020-04-11,Finland,2905,49,1.0,136.0,146.14285714285714,3.4285714285714284
2020-04-12,Finland,2974,56,7.0,69.0,149.57142857142858,4.0
2020-04-13,Finland,3064,59,3.0,90.0,126.85714285714286,4.571428571428571
2020-04-14,Finland,3161,64,5.0,97.0,121.85714285714286,4.285714285714286
2020-04-15,Finland,3237,72,8.0,76.0,107.14285714285714,4.571428571428571
2020-04-16,Finland,3369,75,3.0,132.0,109.14285714285714,4.714285714285714
2020-04-17,Finland,3489,82,7.0,120.0,102.85714285714286,4.857142857142857
2020-04-18,Finland,3681,90,8.0,192.0,110.85714285714286,5.857142857142857
2020-04-19,Finland,3783,94,4.0,102.0,115.57142857142857,5.428571428571429
2020-04-20,Finland,3868,98,4.0,85.0,114.85714285714286,5.571428571428571
2020-04-21,Finland,4014,141,43.0,146.0,121.85714285714286,11.0
2020-04-22,Finland,4129,149,8.0,115.0,127.42857142857143,11.0
2020-04-23,Finland,4284,172,23.0,155.0,130.71428571428572,13.857142857142858
2020-04-24,Finland,4395,177,5.0,111.0,129.42857142857142,13.571428571428571
2020-04-25,Finland,4475,186,9.0,80.0,113.42857142857143,13.714285714285714
2020-04-26,Finland,4576,190,4.0,101.0,113.28571428571429,13.714285714285714
2020-04-27,Finland,4695,193,3.0,119.0,118.14285714285714,13.571428571428571
2020-04-28,Finland,4740,199,6.0,45.0,103.71428571428571,8.285714285714286
2020-04-29,Finland,4906,206,7.0,166.0,111.0,8.142857142857142
2020-04-30,Finland,4995,211,5.0,89.0,101.57142857142857,5.571428571428571
2020-05-01,Finland,5051,218,7.0,56.0,93.71428571428571,5.857142857142857
2020-05-02,Finland,5176,220,2.0,125.0,100.14285714285714,4.857142857142857
2020-05-03,Finland,5254,230,10.0,78.0,96.85714285714286,5.714285714285714
2020-05-04,Finland,5327,240,10.0,73.0,90.28571428571429,6.714285714285714
2020-05-05,Finland,5412,246,6.0,85.0,96.0,6.714285714285714
2020-05-06,Finland,5573,252,6.0,161.0,95.28571428571429,6.571428571428571
2020-05-07,Finland,5673,255,3.0,100.0,96.85714285714286,6.285714285714286
2020-05-08,Finland,5738,260,5.0,65.0,98.14285714285714,6.0
2020-05-09,Finland,5880,265,5.0,142.0,100.57142857142857,6.428571428571429
2020-05-10,Finland,5962,267,2.0,82.0,101.14285714285714,5.285714285714286
2020-05-11,Finland,5984,271,4.0,22.0,93.85714285714286,4.428571428571429
2020-05-12,Finland,6003,275,4.0,19.0,84.42857142857143,4.142857142857143
2020-05-13,Finland,6054,284,9.0,51.0,68.71428571428571,4.571428571428571
2020-05-14,Finland,6145,287,3.0,91.0,67.42857142857143,4.571428571428571
2020-05-15,Finland,6228,293,6.0,83.0,70.0,4.714285714285714
2020-05-16,Finland,6286,297,4.0,58.0,58.0,4.571428571428571
2020-05-17,Finland,6347,298,1.0,61.0,55.0,4.428571428571429
2020-05-18,Finland,6380,300,2.0,33.0,56.57142857142857,4.142857142857143
2020-05-19,Finland,6399,301,1.0,19.0,56.57142857142857,3.7142857142857144
2020-05-20,Finland,6443,304,3.0,44.0,55.57142857142857,2.857142857142857
2020-05-21,Finland,6493,306,2.0,50.0,49.714285714285715,2.7142857142857144
2020-05-22,Finland,6537,306,0.0,44.0,44.142857142857146,1.8571428571428572
2020-05-23,Finland,6568,306,0.0,31.0,40.285714285714285,1.2857142857142858
2020-05-24,Finland,6579,307,1.0,11.0,33.142857142857146,1.2857142857142858
2020-05-25,Finland,6599,308,1.0,20.0,31.285714285714285,1.1428571428571428
2020-05-26,Finland,6628,312,4.0,29.0,32.714285714285715,1.5714285714285714
2020-05-27,Finland,6692,313,1.0,64.0,35.57142857142857,1.2857142857142858
2020-05-28,Finland,6743,313,0.0,51.0,35.714285714285715,1.0
2020-05-29,Finland,6776,314,1.0,33.0,34.142857142857146,1.1428571428571428
2020-05-30,Finland,6826,316,2.0,50.0,36.857142857142854,1.4285714285714286
2020-05-31,Finland,6859,320,4.0,33.0,40.0,1.8571428571428572
2020-06-01,Finland,6885,318,-2.0,26.0,40.857142857142854,1.4285714285714286
2020-06-02,Finland,6887,320,2.0,2.0,37.0,1.1428571428571428
2020-06-03,Finland,6911,321,1.0,24.0,31.285714285714285,1.1428571428571428
2020-06-04,Finland,6911,322,1.0,0.0,24.0,1.2857142857142858
2020-06-05,Finland,6941,322,0.0,30.0,23.571428571428573,1.1428571428571428
2020-06-06,Finland,6964,322,0.0,23.0,19.714285714285715,0.8571428571428571
2020-06-07,Finland,6981,323,1.0,17.0,17.428571428571427,0.42857142857142855
2020-06-08,Finland,7001,323,0.0,20.0,16.571428571428573,0.7142857142857143
2020-06-09,Finland,7025,324,1.0,24.0,19.714285714285715,0.5714285714285714
2020-06-10,Finland,7040,324,0.0,15.0,18.428571428571427,0.42857142857142855
2020-06-11,Finland,7064,325,1.0,24.0,21.857142857142858,0.42857142857142855
2020-06-12,Finland,7073,325,0.0,9.0,18.857142857142858,0.42857142857142855
2020-06-13,Finland,7087,325,0.0,14.0,17.571428571428573,0.42857142857142855
2020-06-14,Finland,7104,326,1.0,17.0,17.571428571428573,0.42857142857142855
2020-06-15,Finland,7108,326,0.0,4.0,15.285714285714286,0.42857142857142855
2020-06-16,Finland,7112,326,0.0,4.0,12.428571428571429,0.2857142857142857
2020-06-17,Finland,7117,326,0.0,5.0,11.0,0.2857142857142857
2020-06-18,Finland,7119,326,0.0,2.0,7.857142857142857,0.14285714285714285
2020-06-19,Finland,7133,326,0.0,14.0,8.571428571428571,0.14285714285714285
2020-06-20,Finland,7142,326,0.0,9.0,7.857142857142857,0.14285714285714285
2020-06-21,Finland,7143,326,0.0,1.0,5.571428571428571,0.0
2020-06-22,Finland,7144,327,1.0,1.0,5.142857142857143,0.14285714285714285
2020-06-23,Finland,7155,327,0.0,11.0,6.142857142857143,0.14285714285714285
2020-06-24,Finland,7167,327,0.0,12.0,7.142857142857143,0.14285714285714285
2020-06-25,Finland,7172,327,0.0,5.0,7.571428571428571,0.14285714285714285
2020-06-26,Finland,7191,328,1.0,19.0,8.285714285714286,0.2857142857142857
2020-06-27,Finland,7198,328,0.0,7.0,8.0,0.2857142857142857
2020-06-28,Finland,7198,328,0.0,0.0,7.857142857142857,0.2857142857142857
2020-06-29,Finland,7209,328,0.0,11.0,9.285714285714286,0.14285714285714285
2020-06-30,Finland,7214,328,0.0,5.0,8.428571428571429,0.14285714285714285
2020-07-01,Finland,7236,328,0.0,22.0,9.857142857142858,0.14285714285714285
2020-07-02,Finland,7241,328,0.0,5.0,9.857142857142858,0.14285714285714285
2020-07-03,Finland,7242,329,1.0,1.0,7.285714285714286,0.14285714285714285
2020-07-04,Finland,7248,329,0.0,6.0,7.142857142857143,0.14285714285714285
2020-07-05,Finland,7253,329,0.0,5.0,7.857142857142857,0.14285714285714285
2020-07-06,Finland,7257,329,0.0,4.0,6.857142857142857,0.14285714285714285
2020-07-07,Finland,7262,329,0.0,5.0,6.857142857142857,0.14285714285714285
2020-07-08,Finland,7265,329,0.0,3.0,4.142857142857143,0.14285714285714285
2020-07-09,Finland,7273,329,0.0,8.0,4.571428571428571,0.14285714285714285
2020-07-10,Finland,7279,329,0.0,6.0,5.285714285714286,0.0
2020-07-11,Finland,7291,329,0.0,12.0,6.142857142857143,0.0
2020-07-12,Finland,7294,329,0.0,3.0,5.857142857142857,0.0
2020-07-13,Finland,7295,329,0.0,1.0,5.428571428571429,0.0
2020-07-14,Finland,7301,329,0.0,6.0,5.571428571428571,0.0
2020-07-15,Finland,7296,328,-1.0,-5.0,4.428571428571429,-0.14285714285714285
2020-07-16,Finland,7293,328,0.0,-3.0,2.857142857142857,-0.14285714285714285
2020-07-17,Finland,7301,328,0.0,8.0,3.142857142857143,-0.14285714285714285
2020-07-18,Finland,7318,328,0.0,17.0,3.857142857142857,-0.14285714285714285
2020-07-19,Finland,7335,328,0.0,17.0,5.857142857142857,-0.14285714285714285
2020-07-20,Finland,7340,328,0.0,5.0,6.428571428571429,-0.14285714285714285
2020-07-21,Finland,7351,328,0.0,11.0,7.142857142857143,-0.14285714285714285
2020-07-22,Finland,7362,328,0.0,11.0,9.428571428571429,0.0
2020-07-23,Finland,7372,328,0.0,10.0,11.285714285714286,0.0
2020-07-24,Finland,7380,329,1.0,8.0,11.285714285714286,0.14285714285714285
2020-07-25,Finland,7388,329,0.0,8.0,10.0,0.14285714285714285
2020-07-26,Finland,7393,329,0.0,5.0,8.285714285714286,0.14285714285714285
2020-07-27,Finland,7398,329,0.0,5.0,8.285714285714286,0.14285714285714285
2020-07-28,Finland,7404,329,0.0,6.0,7.571428571428571,0.14285714285714285
2020-07-29,Finland,7414,329,0.0,10.0,7.428571428571429,0.14285714285714285
2020-07-30,Finland,7423,329,0.0,9.0,7.285714285714286,0.14285714285714285
2020-07-31,Finland,7432,329,0.0,9.0,7.428571428571429,0.0
2020-08-01,Finland,7443,329,0.0,11.0,7.857142857142857,0.0
2020-08-02,Finland,7453,329,0.0,10.0,8.571428571428571,0.0
2020-08-03,Finland,7466,329,0.0,13.0,9.714285714285714,0.0
2020-08-04,Finland,7483,331,2.0,17.0,11.285714285714286,0.2857142857142857
2020-08-05,Finland,7512,331,0.0,29.0,14.0,0.2857142857142857
2020-08-06,Finland,7532,331,0.0,20.0,15.571428571428571,0.2857142857142857
2020-08-07,Finland,7554,331,0.0,22.0,17.428571428571427,0.2857142857142857
2020-08-08,Finland,7568,331,0.0,14.0,17.857142857142858,0.2857142857142857
2020-08-09,Finland,7584,331,0.0,16.0,18.714285714285715,0.2857142857142857
2020-08-10,Finland,7601,333,2.0,17.0,19.285714285714285,0.5714285714285714
2020-08-11,Finland,7623,333,0.0,22.0,20.0,0.2857142857142857
2020-08-12,Finland,7642,333,0.0,19.0,18.571428571428573,0.2857142857142857
2020-08-13,Finland,7683,333,0.0,41.0,21.571428571428573,0.2857142857142857
2020-08-14,Finland,7700,333,0.0,17.0,20.857142857142858,0.2857142857142857
2020-08-15,Finland,7720,333,0.0,20.0,21.714285714285715,0.2857142857142857
2020-08-16,Finland,7731,333,0.0,11.0,21.0,0.2857142857142857
2020-08-17,Finland,7752,334,1.0,21.0,21.571428571428573,0.14285714285714285
2020-08-18,Finland,7776,334,0.0,24.0,21.857142857142858,0.14285714285714285
2020-08-19,Finland,7805,334,0.0,29.0,23.285714285714285,0.14285714285714285
2020-08-20,Finland,7842,334,0.0,37.0,22.714285714285715,0.14285714285714285
2020-08-21,Finland,7871,334,0.0,29.0,24.428571428571427,0.14285714285714285
2020-08-22,Finland,7906,334,0.0,35.0,26.571428571428573,0.14285714285714285
2020-08-23,Finland,7920,334,0.0,14.0,27.0,0.14285714285714285
2020-08-24,Finland,7938,335,1.0,18.0,26.571428571428573,0.14285714285714285
2020-08-25,Finland,7981,335,0.0,43.0,29.285714285714285,0.14285714285714285
2020-08-26,Finland,8002,335,0.0,21.0,28.142857142857142,0.14285714285714285
2020-08-27,Finland,8019,335,0.0,17.0,25.285714285714285,0.14285714285714285
2020-08-28,Finland,8042,335,0.0,23.0,24.428571428571427,0.14285714285714285
2020-08-29,Finland,8049,335,0.0,7.0,20.428571428571427,0.14285714285714285
2020-08-30,Finland,8077,335,0.0,28.0,22.428571428571427,0.14285714285714285
2020-08-31,Finland,8086,336,1.0,9.0,21.142857142857142,0.14285714285714285
2020-09-01,Finland,8142,336,0.0,56.0,23.0,0.14285714285714285
2020-09-02,Finland,8161,336,0.0,19.0,22.714285714285715,0.14285714285714285
2020-09-03,Finland,8200,336,0.0,39.0,25.857142857142858,0.14285714285714285
2020-09-04,Finland,8225,336,0.0,25.0,26.142857142857142,0.14285714285714285
2020-09-05,Finland,8261,336,0.0,36.0,30.285714285714285,0.14285714285714285
2020-09-06,Finland,8291,336,0.0,30.0,30.571428571428573,0.14285714285714285
2020-09-07,Finland,8327,336,0.0,36.0,34.42857142857143,0.0
2020-09-08,Finland,8337,336,0.0,10.0,27.857142857142858,0.0
2020-09-09,Finland,8430,337,1.0,93.0,38.42857142857143,0.14285714285714285
2020-09-10,Finland,8469,337,0.0,39.0,38.42857142857143,0.14285714285714285
2020-09-11,Finland,8512,337,0.0,43.0,41.0,0.14285714285714285
2020-09-12,Finland,8557,337,0.0,45.0,42.285714285714285,0.14285714285714285
2020-09-13,Finland,8580,337,0.0,23.0,41.285714285714285,0.14285714285714285
2020-09-14,Finland,8627,337,0.0,47.0,42.857142857142854,0.14285714285714285
2020-09-15,Finland,8725,339,2.0,98.0,55.42857142857143,0.42857142857142855
2020-09-16,Finland,8750,339,0.0,25.0,45.714285714285715,0.2857142857142857
2020-09-17,Finland,8799,339,0.0,49.0,47.142857142857146,0.2857142857142857
2020-09-18,Finland,8858,339,0.0,59.0,49.42857142857143,0.2857142857142857
2020-09-19,Finland,8922,339,0.0,64.0,52.142857142857146,0.2857142857142857
2020-09-20,Finland,8980,339,0.0,58.0,57.142857142857146,0.2857142857142857
2020-09-21,Finland,9046,341,2.0,66.0,59.857142857142854,0.5714285714285714
2020-09-22,Finland,9195,341,0.0,149.0,67.14285714285714,0.2857142857142857
2020-09-23,Finland,9288,343,2.0,93.0,76.85714285714286,0.5714285714285714
2020-09-24,Finland,9379,343,0.0,91.0,82.85714285714286,0.5714285714285714
2020-09-25,Finland,9484,343,0.0,105.0,89.42857142857143,0.5714285714285714
2020-09-26,Finland,9577,343,0.0,93.0,93.57142857142857,0.5714285714285714
2020-09-27,Finland,9682,343,0.0,105.0,100.28571428571429,0.5714285714285714
2020-09-28,Finland,9743,345,2.0,61.0,99.57142857142857,0.5714285714285714
2020-09-29,Finland,9892,345,0.0,149.0,99.57142857142857,0.5714285714285714
2020-09-30,Finland,9992,344,-1.0,100.0,100.57142857142857,0.14285714285714285
2020-10-01,Finland,10103,344,0.0,111.0,103.42857142857143,0.14285714285714285
2020-10-02,Finland,10244,345,1.0,141.0,108.57142857142857,0.2857142857142857
2020-10-03,Finland,10391,345,0.0,147.0,116.28571428571429,0.2857142857142857
2020-10-04,Finland,10538,345,0.0,147.0,122.28571428571429,0.2857142857142857
