date,Country_Region,Confirmed,Deaths,daily_deaths,daily_confirmed,daily_confirmed_7day_ma,daily_deaths_7day_ma
2020-01-22,Romania,0,0,0.0,0.0,0.0,0.0
2020-01-23,Romania,0,0,0.0,0.0,0.0,0.0
2020-01-24,Romania,0,0,0.0,0.0,0.0,0.0
2020-01-25,Romania,0,0,0.0,0.0,0.0,0.0
2020-01-26,Romania,0,0,0.0,0.0,0.0,0.0
2020-01-27,Romania,0,0,0.0,0.0,0.0,0.0
2020-01-28,Romania,0,0,0.0,0.0,0.0,0.0
2020-01-29,Romania,0,0,0.0,0.0,0.0,0.0
2020-01-30,Romania,0,0,0.0,0.0,0.0,0.0
2020-01-31,Romania,0,0,0.0,0.0,0.0,0.0
2020-02-01,Romania,0,0,0.0,0.0,0.0,0.0
2020-02-02,Romania,0,0,0.0,0.0,0.0,0.0
2020-02-03,Romania,0,0,0.0,0.0,0.0,0.0
2020-02-04,Romania,0,0,0.0,0.0,0.0,0.0
2020-02-05,Romania,0,0,0.0,0.0,0.0,0.0
2020-02-06,Romania,0,0,0.0,0.0,0.0,0.0
2020-02-07,Romania,0,0,0.0,0.0,0.0,0.0
2020-02-08,Romania,0,0,0.0,0.0,0.0,0.0
2020-02-09,Romania,0,0,0.0,0.0,0.0,0.0
2020-02-10,Romania,0,0,0.0,0.0,0.0,0.0
2020-02-11,Romania,0,0,0.0,0.0,0.0,0.0
2020-02-12,Romania,0,0,0.0,0.0,0.0,0.0
2020-02-13,Romania,0,0,0.0,0.0,0.0,0.0
2020-02-14,Romania,0,0,0.0,0.0,0.0,0.0
2020-02-15,Romania,0,0,0.0,0.0,0.0,0.0
2020-02-16,Romania,0,0,0.0,0.0,0.0,0.0
2020-02-17,Romania,0,0,0.0,0.0,0.0,0.0
2020-02-18,Romania,0,0,0.0,0.0,0.0,0.0
2020-02-19,Romania,0,0,0.0,0.0,0.0,0.0
2020-02-20,Romania,0,0,0.0,0.0,0.0,0.0
2020-02-21,Romania,0,0,0.0,0.0,0.0,0.0
2020-02-22,Romania,0,0,0.0,0.0,0.0,0.0
2020-02-23,Romania,0,0,0.0,0.0,0.0,0.0
2020-02-24,Romania,0,0,0.0,0.0,0.0,0.0
2020-02-25,Romania,0,0,0.0,0.0,0.0,0.0
2020-02-26,Romania,1,0,0.0,1.0,0.14285714285714285,0.0
2020-02-27,Romania,1,0,0.0,0.0,0.14285714285714285,0.0
2020-02-28,Romania,3,0,0.0,2.0,0.42857142857142855,0.0
2020-02-29,Romania,3,0,0.0,0.0,0.42857142857142855,0.0
2020-03-01,Romania,3,0,0.0,0.0,0.42857142857142855,0.0
2020-03-02,Romania,3,0,0.0,0.0,0.42857142857142855,0.0
2020-03-03,Romania,3,0,0.0,0.0,0.42857142857142855,0.0
2020-03-04,Romania,4,0,0.0,1.0,0.42857142857142855,0.0
2020-03-05,Romania,6,0,0.0,2.0,0.7142857142857143,0.0
2020-03-06,Romania,9,0,0.0,3.0,0.8571428571428571,0.0
2020-03-07,Romania,9,0,0.0,0.0,0.8571428571428571,0.0
2020-03-08,Romania,15,0,0.0,6.0,1.7142857142857142,0.0
2020-03-09,Romania,15,0,0.0,0.0,1.7142857142857142,0.0
2020-03-10,Romania,25,0,0.0,10.0,3.142857142857143,0.0
2020-03-11,Romania,45,0,0.0,20.0,5.857142857142857,0.0
2020-03-12,Romania,49,0,0.0,4.0,6.142857142857143,0.0
2020-03-13,Romania,89,0,0.0,40.0,11.428571428571429,0.0
2020-03-14,Romania,123,0,0.0,34.0,16.285714285714285,0.0
2020-03-15,Romania,131,0,0.0,8.0,16.571428571428573,0.0
2020-03-16,Romania,158,0,0.0,27.0,20.428571428571427,0.0
2020-03-17,Romania,184,0,0.0,26.0,22.714285714285715,0.0
2020-03-18,Romania,260,0,0.0,76.0,30.714285714285715,0.0
2020-03-19,Romania,277,0,0.0,17.0,32.57142857142857,0.0
2020-03-20,Romania,308,0,0.0,31.0,31.285714285714285,0.0
2020-03-21,Romania,367,0,0.0,59.0,34.857142857142854,0.0
2020-03-22,Romania,433,3,3.0,66.0,43.142857142857146,0.42857142857142855
2020-03-23,Romania,576,7,4.0,143.0,59.714285714285715,1.0
2020-03-24,Romania,794,11,4.0,218.0,87.14285714285714,1.5714285714285714
2020-03-25,Romania,906,17,6.0,112.0,92.28571428571429,2.4285714285714284
2020-03-26,Romania,1029,23,6.0,123.0,107.42857142857143,3.2857142857142856
2020-03-27,Romania,1292,26,3.0,263.0,140.57142857142858,3.7142857142857144
2020-03-28,Romania,1452,37,11.0,160.0,155.0,5.285714285714286
2020-03-29,Romania,1815,43,6.0,363.0,197.42857142857142,5.714285714285714
2020-03-30,Romania,2109,65,22.0,294.0,219.0,8.285714285714286
2020-03-31,Romania,2245,82,17.0,136.0,207.28571428571428,10.142857142857142
2020-04-01,Romania,2460,92,10.0,215.0,222.0,10.714285714285714
2020-04-02,Romania,2738,115,23.0,278.0,244.14285714285714,13.142857142857142
2020-04-03,Romania,3183,133,18.0,445.0,270.14285714285717,15.285714285714286
2020-04-04,Romania,3613,146,13.0,430.0,308.7142857142857,15.571428571428571
2020-04-05,Romania,3864,151,5.0,251.0,292.7142857142857,15.428571428571429
2020-04-06,Romania,4057,176,25.0,193.0,278.2857142857143,15.857142857142858
2020-04-07,Romania,4417,197,21.0,360.0,310.2857142857143,16.428571428571427
2020-04-08,Romania,4761,220,23.0,344.0,328.7142857142857,18.285714285714285
2020-04-09,Romania,5202,248,28.0,441.0,352.0,19.0
2020-04-10,Romania,5467,270,22.0,265.0,326.2857142857143,19.571428571428573
2020-04-11,Romania,5990,291,21.0,523.0,339.57142857142856,20.714285714285715
2020-04-12,Romania,6300,316,25.0,310.0,348.0,23.571428571428573
2020-04-13,Romania,6633,331,15.0,333.0,368.0,22.142857142857142
2020-04-14,Romania,6879,351,20.0,246.0,351.7142857142857,22.0
2020-04-15,Romania,7216,372,21.0,337.0,350.7142857142857,21.714285714285715
2020-04-16,Romania,7707,392,20.0,491.0,357.85714285714283,20.571428571428573
2020-04-17,Romania,8067,411,19.0,360.0,371.42857142857144,20.142857142857142
2020-04-18,Romania,8418,421,10.0,351.0,346.85714285714283,18.571428571428573
2020-04-19,Romania,8746,451,30.0,328.0,349.42857142857144,19.285714285714285
2020-04-20,Romania,8936,478,27.0,190.0,329.0,21.0
2020-04-21,Romania,9242,498,20.0,306.0,337.57142857142856,21.0
2020-04-22,Romania,9710,524,26.0,468.0,356.2857142857143,21.714285714285715
2020-04-23,Romania,10096,545,21.0,386.0,341.2857142857143,21.857142857142858
2020-04-24,Romania,10417,567,22.0,321.0,335.7142857142857,22.285714285714285
2020-04-25,Romania,10635,601,34.0,218.0,316.7142857142857,25.714285714285715
2020-04-26,Romania,11036,619,18.0,401.0,327.14285714285717,24.0
2020-04-27,Romania,11339,641,22.0,303.0,343.2857142857143,23.285714285714285
2020-04-28,Romania,11616,663,22.0,277.0,339.14285714285717,23.571428571428573
2020-04-29,Romania,11978,693,30.0,362.0,324.0,24.142857142857142
2020-04-30,Romania,12240,717,24.0,262.0,306.2857142857143,24.571428571428573
2020-05-01,Romania,12567,744,27.0,327.0,307.14285714285717,25.285714285714285
2020-05-02,Romania,12732,771,27.0,165.0,299.57142857142856,24.285714285714285
2020-05-03,Romania,13163,790,19.0,431.0,303.85714285714283,24.428571428571427
2020-05-04,Romania,13512,818,28.0,349.0,310.42857142857144,25.285714285714285
2020-05-05,Romania,13837,841,23.0,325.0,317.2857142857143,25.428571428571427
2020-05-06,Romania,14107,864,23.0,270.0,304.14285714285717,24.428571428571427
2020-05-07,Romania,14499,888,24.0,392.0,322.7142857142857,24.428571428571427
2020-05-08,Romania,14811,923,35.0,312.0,320.57142857142856,25.571428571428573
2020-05-09,Romania,15131,939,16.0,320.0,342.7142857142857,24.0
2020-05-10,Romania,15362,961,22.0,231.0,314.14285714285717,24.428571428571427
2020-05-11,Romania,15588,982,21.0,226.0,296.57142857142856,23.428571428571427
2020-05-12,Romania,15778,1002,20.0,190.0,277.2857142857143,23.0
2020-05-13,Romania,16002,1036,34.0,224.0,270.7142857142857,24.571428571428573
2020-05-14,Romania,16247,1053,17.0,245.0,249.71428571428572,23.571428571428573
2020-05-15,Romania,16437,1070,17.0,190.0,232.28571428571428,21.0
2020-05-16,Romania,16704,1094,24.0,267.0,224.71428571428572,22.142857142857142
2020-05-17,Romania,16871,1107,13.0,167.0,215.57142857142858,20.857142857142858
2020-05-18,Romania,17036,1120,13.0,165.0,206.85714285714286,19.714285714285715
2020-05-19,Romania,17191,1137,17.0,155.0,201.85714285714286,19.285714285714285
2020-05-20,Romania,17387,1147,10.0,196.0,197.85714285714286,15.857142857142858
2020-05-21,Romania,17585,1156,9.0,198.0,191.14285714285714,14.714285714285714
2020-05-22,Romania,17712,1166,10.0,127.0,182.14285714285714,13.714285714285714
2020-05-23,Romania,17857,1176,10.0,145.0,164.71428571428572,11.714285714285714
2020-05-24,Romania,18070,1185,9.0,213.0,171.28571428571428,11.142857142857142
2020-05-25,Romania,18283,1205,20.0,213.0,178.14285714285714,12.142857142857142
2020-05-26,Romania,18429,1216,11.0,146.0,176.85714285714286,11.285714285714286
2020-05-27,Romania,18594,1227,11.0,165.0,172.42857142857142,11.428571428571429
2020-05-28,Romania,18791,1235,8.0,197.0,172.28571428571428,11.285714285714286
2020-05-29,Romania,18982,1248,13.0,191.0,181.42857142857142,11.714285714285714
2020-05-30,Romania,19133,1259,11.0,151.0,182.28571428571428,11.857142857142858
2020-05-31,Romania,19257,1266,7.0,124.0,169.57142857142858,11.571428571428571
2020-06-01,Romania,19398,1276,10.0,141.0,159.28571428571428,10.142857142857142
2020-06-02,Romania,19517,1288,12.0,119.0,155.42857142857142,10.285714285714286
2020-06-03,Romania,19669,1296,8.0,152.0,153.57142857142858,9.857142857142858
2020-06-04,Romania,19907,1305,9.0,238.0,159.42857142857142,10.0
2020-06-05,Romania,20103,1316,11.0,196.0,160.14285714285714,9.714285714285714
2020-06-06,Romania,20290,1322,6.0,187.0,165.28571428571428,9.0
2020-06-07,Romania,20479,1333,11.0,189.0,174.57142857142858,9.571428571428571
2020-06-08,Romania,20604,1339,6.0,125.0,172.28571428571428,9.0
2020-06-09,Romania,20749,1354,15.0,145.0,176.0,9.428571428571429
2020-06-10,Romania,20945,1360,6.0,196.0,182.28571428571428,9.142857142857142
2020-06-11,Romania,21182,1369,9.0,237.0,182.14285714285714,9.142857142857142
2020-06-12,Romania,21404,1380,11.0,222.0,185.85714285714286,9.142857142857142
2020-06-13,Romania,21679,1394,14.0,275.0,198.42857142857142,10.285714285714286
2020-06-14,Romania,21999,1410,16.0,320.0,217.14285714285714,11.0
2020-06-15,Romania,22165,1427,17.0,166.0,223.0,12.571428571428571
2020-06-16,Romania,22415,1437,10.0,250.0,238.0,11.857142857142858
2020-06-17,Romania,22760,1451,14.0,345.0,259.2857142857143,13.0
2020-06-18,Romania,23080,1473,22.0,320.0,271.14285714285717,14.857142857142858
2020-06-19,Romania,23400,1484,11.0,320.0,285.14285714285717,14.857142857142858
2020-06-20,Romania,23730,1500,16.0,330.0,293.0,15.142857142857142
2020-06-21,Romania,24045,1512,12.0,315.0,292.2857142857143,14.571428571428571
2020-06-22,Romania,24291,1523,11.0,246.0,303.7142857142857,13.714285714285714
2020-06-23,Romania,24505,1539,16.0,214.0,298.57142857142856,14.571428571428571
2020-06-24,Romania,24826,1555,16.0,321.0,295.14285714285717,14.857142857142858
2020-06-25,Romania,25286,1565,10.0,460.0,315.14285714285717,13.142857142857142
2020-06-26,Romania,25697,1579,14.0,411.0,328.14285714285717,13.571428571428571
2020-06-27,Romania,26022,1589,10.0,325.0,327.42857142857144,12.714285714285714
2020-06-28,Romania,26313,1612,23.0,291.0,324.0,14.285714285714286
2020-06-29,Romania,26582,1634,22.0,269.0,327.2857142857143,15.857142857142858
2020-06-30,Romania,26970,1651,17.0,388.0,352.14285714285717,16.0
2020-07-01,Romania,27296,1667,16.0,326.0,352.85714285714283,16.0
2020-07-02,Romania,27746,1687,20.0,450.0,351.42857142857144,17.428571428571427
2020-07-03,Romania,28166,1708,21.0,420.0,352.7142857142857,18.428571428571427
2020-07-04,Romania,28582,1731,23.0,416.0,365.7142857142857,20.285714285714285
2020-07-05,Romania,28973,1750,19.0,391.0,380.0,19.714285714285715
2020-07-06,Romania,29223,1768,18.0,250.0,377.2857142857143,19.142857142857142
2020-07-07,Romania,29620,1799,31.0,397.0,378.57142857142856,21.142857142857142
2020-07-08,Romania,30175,1817,18.0,555.0,411.2857142857143,21.428571428571427
2020-07-09,Romania,30789,1834,17.0,614.0,434.7142857142857,21.0
2020-07-10,Romania,31381,1847,13.0,592.0,459.2857142857143,19.857142857142858
2020-07-11,Romania,32079,1871,24.0,698.0,499.57142857142856,20.0
2020-07-12,Romania,32535,1884,13.0,456.0,508.85714285714283,19.142857142857142
2020-07-13,Romania,32948,1901,17.0,413.0,532.1428571428571,19.0
2020-07-14,Romania,33585,1931,30.0,637.0,566.4285714285714,18.857142857142858
2020-07-15,Romania,34226,1952,21.0,641.0,578.7142857142857,19.285714285714285
2020-07-16,Romania,35003,1971,19.0,777.0,602.0,19.571428571428573
2020-07-17,Romania,35802,1988,17.0,799.0,631.5714285714286,20.142857142857142
2020-07-18,Romania,36691,2009,21.0,889.0,658.8571428571429,19.714285714285715
2020-07-19,Romania,37458,2026,17.0,767.0,703.2857142857143,20.285714285714285
2020-07-20,Romania,38139,2038,12.0,681.0,741.5714285714286,19.571428571428573
2020-07-21,Romania,39133,2074,36.0,994.0,792.5714285714286,20.428571428571427
2020-07-22,Romania,40163,2101,27.0,1030.0,848.1428571428571,21.285714285714285
2020-07-23,Romania,41275,2126,25.0,1112.0,896.0,22.142857142857142
2020-07-24,Romania,42394,2150,24.0,1119.0,941.7142857142857,23.142857142857142
2020-07-25,Romania,43678,2165,15.0,1284.0,998.1428571428571,22.285714285714285
2020-07-26,Romania,44798,2187,22.0,1120.0,1048.5714285714287,23.0
2020-07-27,Romania,45902,2206,19.0,1104.0,1109.0,24.0
2020-07-28,Romania,47053,2239,33.0,1151.0,1131.4285714285713,23.571428571428573
2020-07-29,Romania,48235,2269,30.0,1182.0,1153.142857142857,24.0
2020-07-30,Romania,49591,2304,35.0,1356.0,1188.0,25.428571428571427
2020-07-31,Romania,50886,2343,39.0,1295.0,1213.142857142857,27.571428571428573
2020-08-01,Romania,52111,2379,36.0,1225.0,1204.7142857142858,30.571428571428573
2020-08-02,Romania,53186,2413,34.0,1075.0,1198.2857142857142,32.285714285714285
2020-08-03,Romania,54009,2432,19.0,823.0,1158.142857142857,32.285714285714285
2020-08-04,Romania,55241,2480,48.0,1232.0,1169.7142857142858,34.42857142857143
2020-08-05,Romania,56550,2521,41.0,1309.0,1187.857142857143,36.0
2020-08-06,Romania,57895,2566,45.0,1345.0,1186.2857142857142,37.42857142857143
2020-08-07,Romania,59273,2616,50.0,1378.0,1198.142857142857,39.0
2020-08-08,Romania,60623,2659,43.0,1350.0,1216.0,40.0
2020-08-09,Romania,61768,2700,41.0,1145.0,1226.0,41.0
2020-08-10,Romania,62547,2729,29.0,779.0,1219.7142857142858,42.42857142857143
2020-08-11,Romania,63762,2764,35.0,1215.0,1217.2857142857142,40.57142857142857
2020-08-12,Romania,65177,2807,43.0,1415.0,1232.4285714285713,40.857142857142854
2020-08-13,Romania,66631,2860,53.0,1454.0,1248.0,42.0
2020-08-14,Romania,68046,2904,44.0,1415.0,1253.2857142857142,41.142857142857146
2020-08-15,Romania,69374,2954,50.0,1328.0,1250.142857142857,42.142857142857146
2020-08-16,Romania,70461,2991,37.0,1087.0,1241.857142857143,41.57142857142857
2020-08-17,Romania,71194,3029,38.0,733.0,1235.2857142857142,42.857142857142854
2020-08-18,Romania,72208,3074,45.0,1014.0,1206.5714285714287,44.285714285714285
2020-08-19,Romania,73617,3106,32.0,1409.0,1205.7142857142858,42.714285714285715
2020-08-20,Romania,74963,3154,48.0,1346.0,1190.2857142857142,42.0
2020-08-21,Romania,76355,3196,42.0,1392.0,1187.0,41.714285714285715
2020-08-22,Romania,77544,3233,37.0,1189.0,1167.142857142857,39.857142857142854
2020-08-23,Romania,78505,3272,39.0,961.0,1149.142857142857,40.142857142857146
2020-08-24,Romania,79330,3309,37.0,825.0,1162.2857142857142,40.0
2020-08-25,Romania,80390,3367,58.0,1060.0,1168.857142857143,41.857142857142854
2020-08-26,Romania,81646,3421,54.0,1256.0,1147.0,45.0
2020-08-27,Romania,83150,3459,38.0,1504.0,1169.5714285714287,43.57142857142857
2020-08-28,Romania,84468,3507,48.0,1318.0,1159.0,44.42857142857143
2020-08-29,Romania,85833,3539,32.0,1365.0,1184.142857142857,43.714285714285715
2020-08-30,Romania,86785,3578,39.0,952.0,1182.857142857143,43.714285714285715
2020-08-31,Romania,87540,3621,43.0,755.0,1172.857142857143,44.57142857142857
2020-09-01,Romania,88593,3681,60.0,1053.0,1171.857142857143,44.857142857142854
2020-09-02,Romania,89891,3721,40.0,1298.0,1177.857142857143,42.857142857142854
2020-09-03,Romania,91256,3765,44.0,1365.0,1158.0,43.714285714285715
2020-09-04,Romania,92595,3812,47.0,1339.0,1161.0,43.57142857142857
2020-09-05,Romania,93864,3850,38.0,1269.0,1147.2857142857142,44.42857142857143
2020-09-06,Romania,95014,3893,43.0,1150.0,1175.5714285714287,45.0
2020-09-07,Romania,95897,3926,33.0,883.0,1193.857142857143,43.57142857142857
2020-09-08,Romania,97033,3967,41.0,1136.0,1205.7142857142858,40.857142857142854
2020-09-09,Romania,98304,4018,51.0,1271.0,1201.857142857143,42.42857142857143
2020-09-10,Romania,99684,4065,47.0,1380.0,1204.0,42.857142857142854
2020-09-11,Romania,101075,4100,35.0,1391.0,1211.4285714285713,41.142857142857146
2020-09-12,Romania,102386,4127,27.0,1311.0,1217.4285714285713,39.57142857142857
2020-09-13,Romania,103495,4163,36.0,1109.0,1211.5714285714287,38.57142857142857
2020-09-14,Romania,104187,4185,22.0,692.0,1184.2857142857142,37.0
2020-09-15,Romania,105298,4236,51.0,1111.0,1180.7142857142858,38.42857142857143
2020-09-16,Romania,107011,4285,49.0,1713.0,1243.857142857143,38.142857142857146
2020-09-17,Romania,108690,4312,27.0,1679.0,1286.5714285714287,35.285714285714285
2020-09-18,Romania,110217,4360,48.0,1527.0,1306.0,37.142857142857146
2020-09-19,Romania,111550,4402,42.0,1333.0,1309.142857142857,39.285714285714285
2020-09-20,Romania,112781,4435,33.0,1231.0,1326.5714285714287,38.857142857142854
2020-09-21,Romania,113589,4458,23.0,808.0,1343.142857142857,39.0
2020-09-22,Romania,114648,4503,45.0,1059.0,1335.7142857142858,38.142857142857146
2020-09-23,Romania,116415,4550,47.0,1767.0,1343.4285714285713,37.857142857142854
2020-09-24,Romania,118054,4591,41.0,1639.0,1337.7142857142858,39.857142857142854
2020-09-25,Romania,119683,4633,42.0,1629.0,1352.2857142857142,39.0
2020-09-26,Romania,121235,4687,54.0,1552.0,1383.5714285714287,40.714285714285715
2020-09-27,Romania,122673,4718,31.0,1438.0,1413.142857142857,40.42857142857143
2020-09-28,Romania,123944,4748,30.0,1271.0,1479.2857142857142,41.42857142857143
2020-09-29,Romania,125414,4792,44.0,1470.0,1538.0,41.285714285714285
2020-09-30,Romania,127572,4825,33.0,2158.0,1593.857142857143,39.285714285714285
2020-10-01,Romania,129658,4862,37.0,2086.0,1657.7142857142858,38.714285714285715
2020-10-02,Romania,132001,4915,53.0,2343.0,1759.7142857142858,40.285714285714285
2020-10-03,Romania,134065,4947,32.0,2064.0,1832.857142857143,37.142857142857146
2020-10-04,Romania,135900,5003,56.0,1835.0,1889.5714285714287,40.714285714285715
