date,Country_Region,Confirmed,Deaths,daily_deaths,daily_confirmed,daily_confirmed_7day_ma,daily_deaths_7day_ma
2020-01-22,Croatia,0,0,0.0,0.0,0.0,0.0
2020-01-23,Croatia,0,0,0.0,0.0,0.0,0.0
2020-01-24,Croatia,0,0,0.0,0.0,0.0,0.0
2020-01-25,Croatia,0,0,0.0,0.0,0.0,0.0
2020-01-26,Croatia,0,0,0.0,0.0,0.0,0.0
2020-01-27,Croatia,0,0,0.0,0.0,0.0,0.0
2020-01-28,Croatia,0,0,0.0,0.0,0.0,0.0
2020-01-29,Croatia,0,0,0.0,0.0,0.0,0.0
2020-01-30,Croatia,0,0,0.0,0.0,0.0,0.0
2020-01-31,Croatia,0,0,0.0,0.0,0.0,0.0
2020-02-01,Croatia,0,0,0.0,0.0,0.0,0.0
2020-02-02,Croatia,0,0,0.0,0.0,0.0,0.0
2020-02-03,Croatia,0,0,0.0,0.0,0.0,0.0
2020-02-04,Croatia,0,0,0.0,0.0,0.0,0.0
2020-02-05,Croatia,0,0,0.0,0.0,0.0,0.0
2020-02-06,Croatia,0,0,0.0,0.0,0.0,0.0
2020-02-07,Croatia,0,0,0.0,0.0,0.0,0.0
2020-02-08,Croatia,0,0,0.0,0.0,0.0,0.0
2020-02-09,Croatia,0,0,0.0,0.0,0.0,0.0
2020-02-10,Croatia,0,0,0.0,0.0,0.0,0.0
2020-02-11,Croatia,0,0,0.0,0.0,0.0,0.0
2020-02-12,Croatia,0,0,0.0,0.0,0.0,0.0
2020-02-13,Croatia,0,0,0.0,0.0,0.0,0.0
2020-02-14,Croatia,0,0,0.0,0.0,0.0,0.0
2020-02-15,Croatia,0,0,0.0,0.0,0.0,0.0
2020-02-16,Croatia,0,0,0.0,0.0,0.0,0.0
2020-02-17,Croatia,0,0,0.0,0.0,0.0,0.0
2020-02-18,Croatia,0,0,0.0,0.0,0.0,0.0
2020-02-19,Croatia,0,0,0.0,0.0,0.0,0.0
2020-02-20,Croatia,0,0,0.0,0.0,0.0,0.0
2020-02-21,Croatia,0,0,0.0,0.0,0.0,0.0
2020-02-22,Croatia,0,0,0.0,0.0,0.0,0.0
2020-02-23,Croatia,0,0,0.0,0.0,0.0,0.0
2020-02-24,Croatia,0,0,0.0,0.0,0.0,0.0
2020-02-25,Croatia,1,0,0.0,1.0,0.14285714285714285,0.0
2020-02-26,Croatia,3,0,0.0,2.0,0.42857142857142855,0.0
2020-02-27,Croatia,3,0,0.0,0.0,0.42857142857142855,0.0
2020-02-28,Croatia,5,0,0.0,2.0,0.7142857142857143,0.0
2020-02-29,Croatia,6,0,0.0,1.0,0.8571428571428571,0.0
2020-03-01,Croatia,7,0,0.0,1.0,1.0,0.0
2020-03-02,Croatia,7,0,0.0,0.0,1.0,0.0
2020-03-03,Croatia,9,0,0.0,2.0,1.1428571428571428,0.0
2020-03-04,Croatia,10,0,0.0,1.0,1.0,0.0
2020-03-05,Croatia,10,0,0.0,0.0,1.0,0.0
2020-03-06,Croatia,11,0,0.0,1.0,0.8571428571428571,0.0
2020-03-07,Croatia,12,0,0.0,1.0,0.8571428571428571,0.0
2020-03-08,Croatia,12,0,0.0,0.0,0.7142857142857143,0.0
2020-03-09,Croatia,12,0,0.0,0.0,0.7142857142857143,0.0
2020-03-10,Croatia,14,0,0.0,2.0,0.7142857142857143,0.0
2020-03-11,Croatia,19,0,0.0,5.0,1.2857142857142858,0.0
2020-03-12,Croatia,19,0,0.0,0.0,1.2857142857142858,0.0
2020-03-13,Croatia,32,0,0.0,13.0,3.0,0.0
2020-03-14,Croatia,38,0,0.0,6.0,3.7142857142857144,0.0
2020-03-15,Croatia,49,0,0.0,11.0,5.285714285714286,0.0
2020-03-16,Croatia,57,0,0.0,8.0,6.428571428571429,0.0
2020-03-17,Croatia,65,0,0.0,8.0,7.285714285714286,0.0
2020-03-18,Croatia,81,0,0.0,16.0,8.857142857142858,0.0
2020-03-19,Croatia,105,1,1.0,24.0,12.285714285714286,0.14285714285714285
2020-03-20,Croatia,128,1,0.0,23.0,13.714285714285714,0.14285714285714285
2020-03-21,Croatia,206,1,0.0,78.0,24.0,0.14285714285714285
2020-03-22,Croatia,254,1,0.0,48.0,29.285714285714285,0.14285714285714285
2020-03-23,Croatia,315,1,0.0,61.0,36.857142857142854,0.14285714285714285
2020-03-24,Croatia,382,1,0.0,67.0,45.285714285714285,0.14285714285714285
2020-03-25,Croatia,442,1,0.0,60.0,51.57142857142857,0.14285714285714285
2020-03-26,Croatia,495,3,2.0,53.0,55.714285714285715,0.2857142857142857
2020-03-27,Croatia,586,3,0.0,91.0,65.42857142857143,0.2857142857142857
2020-03-28,Croatia,657,5,2.0,71.0,64.42857142857143,0.5714285714285714
2020-03-29,Croatia,713,6,1.0,56.0,65.57142857142857,0.7142857142857143
2020-03-30,Croatia,790,6,0.0,77.0,67.85714285714286,0.7142857142857143
2020-03-31,Croatia,867,6,0.0,77.0,69.28571428571429,0.7142857142857143
2020-04-01,Croatia,963,6,0.0,96.0,74.42857142857143,0.7142857142857143
2020-04-02,Croatia,1011,7,1.0,48.0,73.71428571428571,0.5714285714285714
2020-04-03,Croatia,1079,8,1.0,68.0,70.42857142857143,0.7142857142857143
2020-04-04,Croatia,1126,12,4.0,47.0,67.0,1.0
2020-04-05,Croatia,1182,15,3.0,56.0,67.0,1.2857142857142858
2020-04-06,Croatia,1222,16,1.0,40.0,61.714285714285715,1.4285714285714286
2020-04-07,Croatia,1282,18,2.0,60.0,59.285714285714285,1.7142857142857142
2020-04-08,Croatia,1343,19,1.0,61.0,54.285714285714285,1.8571428571428572
2020-04-09,Croatia,1407,20,1.0,64.0,56.57142857142857,1.8571428571428572
2020-04-10,Croatia,1495,21,1.0,88.0,59.42857142857143,1.8571428571428572
2020-04-11,Croatia,1534,21,0.0,39.0,58.285714285714285,1.2857142857142858
2020-04-12,Croatia,1600,23,2.0,66.0,59.714285714285715,1.1428571428571428
2020-04-13,Croatia,1650,25,2.0,50.0,61.142857142857146,1.2857142857142858
2020-04-14,Croatia,1704,31,6.0,54.0,60.285714285714285,1.8571428571428572
2020-04-15,Croatia,1741,33,2.0,37.0,56.857142857142854,2.0
2020-04-16,Croatia,1791,35,2.0,50.0,54.857142857142854,2.142857142857143
2020-04-17,Croatia,1814,36,1.0,23.0,45.57142857142857,2.142857142857143
2020-04-18,Croatia,1832,39,3.0,18.0,42.57142857142857,2.5714285714285716
2020-04-19,Croatia,1871,47,8.0,39.0,38.714285714285715,3.4285714285714284
2020-04-20,Croatia,1881,47,0.0,10.0,33.0,3.142857142857143
2020-04-21,Croatia,1908,48,1.0,27.0,29.142857142857142,2.4285714285714284
2020-04-22,Croatia,1950,48,0.0,42.0,29.857142857142858,2.142857142857143
2020-04-23,Croatia,1981,50,2.0,31.0,27.142857142857142,2.142857142857143
2020-04-24,Croatia,2009,51,1.0,28.0,27.857142857142858,2.142857142857143
2020-04-25,Croatia,2016,54,3.0,7.0,26.285714285714285,2.142857142857143
2020-04-26,Croatia,2030,55,1.0,14.0,22.714285714285715,1.1428571428571428
2020-04-27,Croatia,2039,59,4.0,9.0,22.571428571428573,1.7142857142857142
2020-04-28,Croatia,2047,63,4.0,8.0,19.857142857142858,2.142857142857143
2020-04-29,Croatia,2062,67,4.0,15.0,16.0,2.7142857142857144
2020-04-30,Croatia,2076,69,2.0,14.0,13.571428571428571,2.7142857142857144
2020-05-01,Croatia,2085,75,6.0,9.0,10.857142857142858,3.4285714285714284
2020-05-02,Croatia,2088,77,2.0,3.0,10.285714285714286,3.2857142857142856
2020-05-03,Croatia,2096,79,2.0,8.0,9.428571428571429,3.4285714285714284
2020-05-04,Croatia,2101,80,1.0,5.0,8.857142857142858,3.0
2020-05-05,Croatia,2112,83,3.0,11.0,9.285714285714286,2.857142857142857
2020-05-06,Croatia,2119,85,2.0,7.0,8.142857142857142,2.5714285714285716
2020-05-07,Croatia,2125,86,1.0,6.0,7.0,2.4285714285714284
2020-05-08,Croatia,2161,86,0.0,36.0,10.857142857142858,1.5714285714285714
2020-05-09,Croatia,2176,87,1.0,15.0,12.571428571428571,1.4285714285714286
2020-05-10,Croatia,2187,90,3.0,11.0,13.0,1.5714285714285714
2020-05-11,Croatia,2196,91,1.0,9.0,13.571428571428571,1.5714285714285714
2020-05-12,Croatia,2207,91,0.0,11.0,13.571428571428571,1.1428571428571428
2020-05-13,Croatia,2213,94,3.0,6.0,13.428571428571429,1.2857142857142858
2020-05-14,Croatia,2221,94,0.0,8.0,13.714285714285714,1.1428571428571428
2020-05-15,Croatia,2222,95,1.0,1.0,8.714285714285714,1.2857142857142858
2020-05-16,Croatia,2224,95,0.0,2.0,6.857142857142857,1.1428571428571428
2020-05-17,Croatia,2226,95,0.0,2.0,5.571428571428571,0.7142857142857143
2020-05-18,Croatia,2228,95,0.0,2.0,4.571428571428571,0.5714285714285714
2020-05-19,Croatia,2232,96,1.0,4.0,3.5714285714285716,0.7142857142857143
2020-05-20,Croatia,2234,96,0.0,2.0,3.0,0.2857142857142857
2020-05-21,Croatia,2237,97,1.0,3.0,2.2857142857142856,0.42857142857142855
2020-05-22,Croatia,2243,99,2.0,6.0,3.0,0.5714285714285714
2020-05-23,Croatia,2243,99,0.0,0.0,2.7142857142857144,0.5714285714285714
2020-05-24,Croatia,2244,99,0.0,1.0,2.5714285714285716,0.5714285714285714
2020-05-25,Croatia,2244,100,1.0,0.0,2.2857142857142856,0.7142857142857143
2020-05-26,Croatia,2244,101,1.0,0.0,1.7142857142857142,0.7142857142857143
2020-05-27,Croatia,2244,101,0.0,0.0,1.4285714285714286,0.7142857142857143
2020-05-28,Croatia,2245,102,1.0,1.0,1.1428571428571428,0.7142857142857143
2020-05-29,Croatia,2245,103,1.0,0.0,0.2857142857142857,0.5714285714285714
2020-05-30,Croatia,2246,103,0.0,1.0,0.42857142857142855,0.5714285714285714
2020-05-31,Croatia,2246,103,0.0,0.0,0.2857142857142857,0.5714285714285714
2020-06-01,Croatia,2246,103,0.0,0.0,0.2857142857142857,0.42857142857142855
2020-06-02,Croatia,2246,103,0.0,0.0,0.2857142857142857,0.2857142857142857
2020-06-03,Croatia,2246,103,0.0,0.0,0.2857142857142857,0.2857142857142857
2020-06-04,Croatia,2247,103,0.0,1.0,0.2857142857142857,0.14285714285714285
2020-06-05,Croatia,2247,103,0.0,0.0,0.2857142857142857,0.0
2020-06-06,Croatia,2247,104,1.0,0.0,0.14285714285714285,0.14285714285714285
2020-06-07,Croatia,2247,104,0.0,0.0,0.14285714285714285,0.14285714285714285
2020-06-08,Croatia,2247,104,0.0,0.0,0.14285714285714285,0.14285714285714285
2020-06-09,Croatia,2247,106,2.0,0.0,0.14285714285714285,0.42857142857142855
2020-06-10,Croatia,2249,106,0.0,2.0,0.42857142857142855,0.42857142857142855
2020-06-11,Croatia,2249,106,0.0,0.0,0.2857142857142857,0.42857142857142855
2020-06-12,Croatia,2249,107,1.0,0.0,0.2857142857142857,0.5714285714285714
2020-06-13,Croatia,2251,107,0.0,2.0,0.5714285714285714,0.42857142857142855
2020-06-14,Croatia,2252,107,0.0,1.0,0.7142857142857143,0.42857142857142855
2020-06-15,Croatia,2254,107,0.0,2.0,1.0,0.42857142857142855
2020-06-16,Croatia,2255,107,0.0,1.0,1.1428571428571428,0.14285714285714285
2020-06-17,Croatia,2258,107,0.0,3.0,1.2857142857142858,0.14285714285714285
2020-06-18,Croatia,2269,107,0.0,11.0,2.857142857142857,0.14285714285714285
2020-06-19,Croatia,2280,107,0.0,11.0,4.428571428571429,0.0
2020-06-20,Croatia,2299,107,0.0,19.0,6.857142857142857,0.0
2020-06-21,Croatia,2317,107,0.0,18.0,9.285714285714286,0.0
2020-06-22,Croatia,2336,107,0.0,19.0,11.714285714285714,0.0
2020-06-23,Croatia,2366,107,0.0,30.0,15.857142857142858,0.0
2020-06-24,Croatia,2388,107,0.0,22.0,18.571428571428573,0.0
2020-06-25,Croatia,2483,107,0.0,95.0,30.571428571428573,0.0
2020-06-26,Croatia,2539,107,0.0,56.0,37.0,0.0
2020-06-27,Croatia,2624,107,0.0,85.0,46.42857142857143,0.0
2020-06-28,Croatia,2691,107,0.0,67.0,53.42857142857143,0.0
2020-06-29,Croatia,2725,107,0.0,34.0,55.57142857142857,0.0
2020-06-30,Croatia,2777,107,0.0,52.0,58.714285714285715,0.0
2020-07-01,Croatia,2831,108,1.0,54.0,63.285714285714285,0.14285714285714285
2020-07-02,Croatia,2912,110,2.0,81.0,61.285714285714285,0.42857142857142855
2020-07-03,Croatia,3008,112,2.0,96.0,67.0,0.7142857142857143
2020-07-04,Croatia,3094,113,1.0,86.0,67.14285714285714,0.8571428571428571
2020-07-05,Croatia,3151,113,0.0,57.0,65.71428571428571,0.8571428571428571
2020-07-06,Croatia,3220,113,0.0,69.0,70.71428571428571,0.8571428571428571
2020-07-07,Croatia,3272,113,0.0,52.0,70.71428571428571,0.8571428571428571
2020-07-08,Croatia,3325,114,1.0,53.0,70.57142857142857,0.8571428571428571
2020-07-09,Croatia,3416,115,1.0,91.0,72.0,0.7142857142857143
2020-07-10,Croatia,3532,117,2.0,116.0,74.85714285714286,0.7142857142857143
2020-07-11,Croatia,3672,118,1.0,140.0,82.57142857142857,0.7142857142857143
2020-07-12,Croatia,3722,119,1.0,50.0,81.57142857142857,0.8571428571428571
2020-07-13,Croatia,3775,119,0.0,53.0,79.28571428571429,0.8571428571428571
2020-07-14,Croatia,3827,120,1.0,52.0,79.28571428571429,1.0
2020-07-15,Croatia,3953,120,0.0,126.0,89.71428571428571,0.8571428571428571
2020-07-16,Croatia,4039,120,0.0,86.0,89.0,0.7142857142857143
2020-07-17,Croatia,4137,120,0.0,98.0,86.42857142857143,0.42857142857142855
2020-07-18,Croatia,4253,120,0.0,116.0,83.0,0.2857142857142857
2020-07-19,Croatia,4345,120,0.0,92.0,89.0,0.14285714285714285
2020-07-20,Croatia,4370,122,2.0,25.0,85.0,0.42857142857142855
2020-07-21,Croatia,4422,123,1.0,52.0,85.0,0.42857142857142855
2020-07-22,Croatia,4530,125,2.0,108.0,82.42857142857143,0.7142857142857143
2020-07-23,Croatia,4634,128,3.0,104.0,85.0,1.1428571428571428
2020-07-24,Croatia,4715,128,0.0,81.0,82.57142857142857,1.1428571428571428
2020-07-25,Croatia,4792,133,5.0,77.0,77.0,1.8571428571428572
2020-07-26,Croatia,4857,136,3.0,65.0,73.14285714285714,2.2857142857142856
2020-07-27,Croatia,4881,139,3.0,24.0,73.0,2.4285714285714284
2020-07-28,Croatia,4923,140,1.0,42.0,71.57142857142857,2.4285714285714284
2020-07-29,Croatia,4993,141,1.0,70.0,66.14285714285714,2.2857142857142856
2020-07-30,Croatia,5071,144,3.0,78.0,62.42857142857143,2.2857142857142856
2020-07-31,Croatia,5139,145,1.0,68.0,60.57142857142857,2.4285714285714284
2020-08-01,Croatia,5224,145,0.0,85.0,61.714285714285715,1.7142857142857142
2020-08-02,Croatia,5260,149,4.0,36.0,57.57142857142857,1.8571428571428572
2020-08-03,Croatia,5294,153,4.0,34.0,59.0,2.0
2020-08-04,Croatia,5318,154,1.0,24.0,56.42857142857143,2.0
2020-08-05,Croatia,5376,154,0.0,58.0,54.714285714285715,1.8571428571428572
2020-08-06,Croatia,5404,155,1.0,28.0,47.57142857142857,1.5714285714285714
2020-08-07,Croatia,5466,155,0.0,62.0,46.714285714285715,1.4285714285714286
2020-08-08,Croatia,5543,157,2.0,77.0,45.57142857142857,1.7142857142857142
2020-08-09,Croatia,5604,157,0.0,61.0,49.142857142857146,1.1428571428571428
2020-08-10,Croatia,5649,158,1.0,45.0,50.714285714285715,0.7142857142857143
2020-08-11,Croatia,5740,160,2.0,91.0,60.285714285714285,0.8571428571428571
2020-08-12,Croatia,5870,160,0.0,130.0,70.57142857142857,0.8571428571428571
2020-08-13,Croatia,6050,161,1.0,180.0,92.28571428571429,0.8571428571428571
2020-08-14,Croatia,6258,163,2.0,208.0,113.14285714285714,1.1428571428571428
2020-08-15,Croatia,6420,165,2.0,162.0,125.28571428571429,1.1428571428571428
2020-08-16,Croatia,6571,166,1.0,151.0,138.14285714285714,1.2857142857142858
2020-08-17,Croatia,6656,166,0.0,85.0,143.85714285714286,1.1428571428571428
2020-08-18,Croatia,6855,166,0.0,199.0,159.28571428571428,0.8571428571428571
2020-08-19,Croatia,7074,168,2.0,219.0,172.0,1.1428571428571428
2020-08-20,Croatia,7329,168,0.0,255.0,182.71428571428572,1.0
2020-08-21,Croatia,7594,169,1.0,265.0,190.85714285714286,0.8571428571428571
2020-08-22,Croatia,7900,170,1.0,306.0,211.42857142857142,0.7142857142857143
2020-08-23,Croatia,8175,171,1.0,275.0,229.14285714285714,0.7142857142857143
2020-08-24,Croatia,8311,173,2.0,136.0,236.42857142857142,1.0
2020-08-25,Croatia,8530,175,2.0,219.0,239.28571428571428,1.2857142857142858
2020-08-26,Croatia,8888,175,0.0,358.0,259.14285714285717,1.0
2020-08-27,Croatia,9192,177,2.0,304.0,266.14285714285717,1.2857142857142858
2020-08-28,Croatia,9549,180,3.0,357.0,279.2857142857143,1.5714285714285714
2020-08-29,Croatia,9861,183,3.0,312.0,280.14285714285717,1.8571428571428572
2020-08-30,Croatia,10123,184,1.0,262.0,278.2857142857143,1.8571428571428572
2020-08-31,Croatia,10269,186,2.0,146.0,279.7142857142857,1.8571428571428572
2020-09-01,Croatia,10414,187,1.0,145.0,269.14285714285717,1.7142857142857142
2020-09-02,Croatia,10725,191,4.0,311.0,262.42857142857144,2.2857142857142856
2020-09-03,Croatia,11094,194,3.0,369.0,271.7142857142857,2.4285714285714284
2020-09-04,Croatia,11428,195,1.0,334.0,268.42857142857144,2.142857142857143
2020-09-05,Croatia,11739,197,2.0,311.0,268.2857142857143,2.0
2020-09-06,Croatia,11964,198,1.0,225.0,263.0,2.0
2020-09-07,Croatia,12081,201,3.0,117.0,258.85714285714283,2.142857142857143
2020-09-08,Croatia,12285,203,2.0,204.0,267.2857142857143,2.2857142857142856
2020-09-09,Croatia,12626,206,3.0,341.0,271.57142857142856,2.142857142857143
2020-09-10,Croatia,12917,208,2.0,291.0,260.42857142857144,2.0
2020-09-11,Croatia,13107,211,3.0,190.0,239.85714285714286,2.2857142857142856
2020-09-12,Croatia,13368,218,7.0,261.0,232.71428571428572,3.0
2020-09-13,Croatia,13533,224,6.0,165.0,224.14285714285714,3.7142857142857144
2020-09-14,Croatia,13598,227,3.0,65.0,216.71428571428572,3.7142857142857144
2020-09-15,Croatia,13749,230,3.0,151.0,209.14285714285714,3.857142857142857
2020-09-16,Croatia,14029,236,6.0,280.0,200.42857142857142,4.285714285714286
2020-09-17,Croatia,14279,238,2.0,250.0,194.57142857142858,4.285714285714286
2020-09-18,Croatia,14513,244,6.0,234.0,200.85714285714286,4.714285714285714
2020-09-19,Croatia,14725,244,0.0,212.0,193.85714285714286,3.7142857142857144
2020-09-20,Croatia,14922,248,4.0,197.0,198.42857142857142,3.4285714285714284
2020-09-21,Croatia,14992,253,5.0,70.0,199.14285714285714,3.7142857142857144
2020-09-22,Croatia,15136,255,2.0,144.0,198.14285714285714,3.5714285714285716
2020-09-23,Croatia,15340,257,2.0,204.0,187.28571428571428,3.0
2020-09-24,Croatia,15572,261,4.0,232.0,184.71428571428572,3.2857142857142856
2020-09-25,Croatia,15795,266,5.0,223.0,183.14285714285714,3.142857142857143
2020-09-26,Croatia,16007,269,3.0,212.0,183.14285714285714,3.5714285714285716
2020-09-27,Croatia,16197,272,3.0,190.0,182.14285714285714,3.4285714285714284
2020-09-28,Croatia,16245,272,0.0,48.0,179.0,2.7142857142857144
2020-09-29,Croatia,16380,275,3.0,135.0,177.71428571428572,2.857142857142857
2020-09-30,Croatia,16593,280,5.0,213.0,179.0,3.2857142857142856
2020-10-01,Croatia,16827,284,4.0,234.0,179.28571428571428,3.2857142857142856
2020-10-02,Croatia,17160,291,7.0,333.0,195.0,3.5714285714285716
2020-10-03,Croatia,17401,293,2.0,241.0,199.14285714285714,3.4285714285714284
2020-10-04,Croatia,17659,298,5.0,258.0,208.85714285714286,3.7142857142857144
